,AAPL,ABNB,ADBE,ADI,ADP,ADSK,AEP,ALGN,AMAT,AMD,AMGN,AMZN,ANSS,ASML,AVGO,AZN,BIIB,BKNG,BKR,CDNS,CEG,CHTR,CMCSA,COST,CPRT,CRWD,CSCO,CSGP,CSX,CTAS,CTSH,DDOG,DLTR,DXCM,EA,EBAY,ENPH,EXC,FANG,FAST,FTNT,GEHC,GFS,GILD,GOOG,GOOGL,HON,IDXX,ILMN,INTC,INTU,ISRG,JD,KDP,KHC,KLAC,LRCX,LULU,MAR,MCHP,MDLZ,MELI,META,MNST,MRNA,MRVL,MSFT,MU,NFLX,NVDA,NXPI,ODFL,ON,ORLY,PANW,PAYX,PCAR,PDD,PEP,PYPL,QCOM,REGN,ROST,SBUX,SGEN,SIRI,SNPS,TEAM,TMUS,TSLA,TTD,TXN,VRSK,VRTX,WBA,WBD,WDAY,XEL,ZM,ZS
AAPL,1.0,0.757065172531962,0.793865008329557,0.4760497370105706,0.07460638752365345,0.4252178798395901,-0.676759569331362,0.33874533918313215,0.8890214233795685,0.9340247990537301,-0.17577800747192182,0.8847061989178873,0.7506611152800292,0.5526955026657078,0.8826759650933852,0.03276782110477113,-0.22900105413194738,0.8099437105530024,0.5045433834596533,0.9066412232639937,0.5593892016127582,0.32970341112717494,0.7205017395087907,0.7921637514046568,0.9452218062032596,0.7676255266646654,0.5208905521364897,0.5618619350325704,0.35808803259378014,0.7901988825454134,0.6068933552677427,0.8016654632037238,-0.28625466065320315,0.11043095461956828,0.5725818385213624,-0.12444274052156491,-0.7467697064776107,-0.487648460622052,0.198726196406593,0.9119945246686957,0.5828943048309339,0.45005478225373136,-0.08291412125518184,-0.7907738855443046,0.8562893633833317,0.8600144247014655,-0.38994232279127855,0.3719870779261825,-0.4587420228609707,0.7359750452980393,0.7584727960504751,0.7900847057569714,-0.804290787189443,-0.6827897009170808,-0.6851919709641253,0.7552630227365116,0.9049074435912664,0.8007971845880678,0.7835770523706035,0.5621474799437554,0.5680981802261373,0.6899625320197431,0.9342385001331741,0.6862888572298526,-0.7973748124451197,0.8268823817744934,0.9452156579223887,0.8055705619642297,0.837618781243776,0.923552942027819,0.7496349738394105,0.6376144476192003,0.6534616622058078,0.8665176417027831,0.9089172735315167,0.2646409517808572,0.8023664224939754,0.031692085055831105,0.12377837877085027,-0.5556727361669139,-0.040509860091278514,0.31925229610783823,0.07033908694516791,-0.28869835480953826,0.793250921277483,-0.3302329927186517,0.8392684910861291,0.626242114183884,-0.3432373356612136,0.8533733008174523,0.8943777935893472,-0.19860880475288187,0.8574702681104964,0.8374571826675411,-0.680349759781621,-0.1706450814611352,0.8566341156000536,-0.6524642901052015,-0.2357237710478793,0.6669863088414255
ABNB,0.757065172531962,1.0,0.6519264661500018,0.5721256539843652,0.2702553251575088,0.6234393527675273,-0.5510315876255264,0.5777390323727636,0.7480233755538177,0.6447217882737906,-0.12942149514622625,0.6930551562349745,0.6927420315219002,0.3694195593417424,0.6813205860557189,-0.15124451595523947,-0.31587900142961234,0.7924813199767661,0.6615945566203311,0.7018108764801392,0.42745036835630434,0.5508592480924294,0.7103290150448286,0.7180305600057175,0.6671124109868745,0.5311436924246061,0.6216167323324426,0.40936698765792345,0.19161538320777982,0.5363387852696754,0.7175631945782712,0.6305681955515157,-0.23495414302703838,0.06282513707899187,0.2008933115921274,0.17437610824692967,-0.5801045192857052,-0.31759199801300747,0.30558366880947563,0.6863370553079406,0.5176100955537958,0.36301132380481704,0.23300744528316797,-0.631539936132816,0.631502058826508,0.6385671929378096,-0.37178844743722994,0.5335146628384445,-0.30371447084212727,0.5573194882807657,0.6829083592526308,0.4699085537224298,-0.5518076061937679,-0.3468490259934833,-0.5972167617132278,0.553980769262276,0.7312653504903667,0.5208355245362685,0.7801516843777025,0.7165521270258264,0.2915351835968788,0.5974566403593747,0.7312269585604279,0.4297163801934272,-0.594540562932821,0.7244492086521094,0.6305004931254908,0.5921809364500796,0.6544461731530367,0.7336801513304151,0.8691022394047875,0.7869281120421324,0.7870083447951001,0.555990077330707,0.7234874204867204,0.4431137884018539,0.7660701330461059,0.14838888913872106,0.03238709818436593,-0.2219519335949282,0.18102597598215436,0.35682554431797947,0.11974745844898967,-0.2514674727148805,0.5992113743134756,-0.2004330037555848,0.6187703245244223,0.7614112770487691,-0.22727466603197663,0.8706774964824495,0.8198035708304111,0.01805266432963238,0.6432884612201053,0.5495489535062509,-0.526588536804074,0.1738406582407819,0.775389227205284,-0.6318009764952291,0.17266271181302367,0.557109806472522
ADBE,0.793865008329557,0.6519264661500018,1.0,0.02899881836078449,0.45490367832328693,0.5025252854269996,-0.8571855036467925,-0.02603330474204945,0.9174877125713254,0.7624622337195651,0.3707773867195461,0.9475264525556799,0.33390147219898997,0.2058373674517485,0.9618435898921496,-0.3730407555880984,-0.6529387593890632,0.8497482359319999,0.8148078178689235,0.9020899432919323,0.9215879025507261,0.6847132711259862,0.8089077284482868,0.952401771276534,0.8859598599864644,0.8902296696259543,0.6801866539378941,0.5750326043901599,0.19269964296257558,0.9368537433851895,0.769470636205967,0.7900389489973643,-0.6668425161973136,-0.31576661469130185,0.5200579140769155,-0.34421037892535805,-0.8346361954468043,-0.6095476734067293,0.6261756006765321,0.8488513903318399,0.07607583311134701,-0.09554819103307467,-0.3799975170021802,-0.7144868655549712,0.907223311876966,0.9046098620142295,-0.4582104239294607,0.027108461074487677,-0.8186235305279544,0.9152396427887179,0.9434729985332052,0.5663092879754618,-0.7148889260431754,-0.6552139492943627,-0.8927066548928411,0.9384309010756614,0.9205478788216394,0.8267392928157701,0.8907184387969436,0.34257715279945294,0.14027632916003985,0.6083713261664957,0.9101334021095844,0.3287133746129843,-0.847651626065291,0.7759711366433569,0.8720631247288888,0.8529752734824264,0.8849722969942281,0.9357588496655385,0.7591413076381912,0.840650212121594,0.43949615274378007,0.7604110072920232,0.8954941188723364,0.562087918198664,0.9394589376378908,0.5236520067774955,-0.34863388247536414,-0.7168911996512832,-0.014715613999642139,0.481595017392596,0.5549640522056739,-0.49164724480829525,0.6410596360727847,0.039830377096114276,0.9453560626880758,0.7852409433262602,-0.2002416876104529,0.7974350216058156,0.7887210353447011,-0.5147202339094,0.9044911976893406,0.8216393323727813,-0.8864445732514749,-0.46389600044113544,0.9096550030095586,-0.8403161147352999,-0.2685639558426145,0.9001310653222516
ADI,0.4760497370105706,0.5721256539843652,0.02899881836078449,1.0,-0.23487249194135024,0.3172937572512171,0.12461612559070202,0.7199454898184519,0.27395387247618513,0.4213150517434019,-0.6437804400345443,0.1435754460730808,0.7873263664737874,0.6533245957665988,0.15504501151480235,0.3227403733075609,0.24028458713266534,0.24036865211490785,-0.08233702454293496,0.2552017183783202,-0.2789488593046744,-0.1856603400509504,0.09756753798774605,0.08701851663638088,0.25857779464284447,0.0429952366908903,0.06191910135711395,0.1709075025674255,0.3219932402087046,0.03399363657044206,0.13870091442229027,0.2900255211924121,0.451733541867475,0.6623711579297388,0.13948195860006993,0.3747882303546369,0.02939611576057377,0.1324515087181629,-0.3845630587740562,0.30788886828901735,0.7618850834311895,0.7985431911618294,0.7047115111065533,-0.21208836318687524,0.07940881372745212,0.08977233971929902,0.06515008819615521,0.7853197958102012,0.3887847109937231,0.07295901461853746,0.07826117980847597,0.36784690839200873,-0.149225345437891,0.08788067766378653,0.08796351620449205,0.039555210297492704,0.2613429033582275,0.11817226504097188,0.16182973072259327,0.8095933522305774,0.5056145149806891,0.3277866157912111,0.22847636526407789,0.481559132242485,-0.047486040689800856,0.35039058119919514,0.24724636587016166,0.13395251290752488,0.22910731213261284,0.20989229423913208,0.47616608004321204,0.12384162828103117,0.5487355923641974,0.24043892357564978,0.2598065925849556,0.02417313267232075,0.16020214075340258,-0.38513283879987253,0.5460166946992937,0.2949433189653462,0.37620097326909097,-0.044707718695894814,-0.3536362991448623,0.26326496278774353,0.3007519547121697,-0.34621701461083815,0.09528928594557065,0.13841183548865674,-0.09579131700917887,0.4370484880438754,0.3666162334052638,0.6003375822508018,0.07778674013042856,0.046363980683511,0.15970579392180692,0.5828999724776877,0.28775492319116486,0.05367142106119868,0.3966133778523449,-0.01797084050549808
ADP,0.07460638752365345,0.2702553251575088,0.45490367832328693,-0.23487249194135024,1.0,0.29632990495189193,-0.3684639227319126,0.04677950065628366,0.34303723907033423,-0.004608861802244493,0.6162041574199615,0.33088528118947375,-0.20779601301039854,-0.26506540007495993,0.34946856446937485,-0.2404940126263334,-0.3608158831178911,0.37059262340934895,0.706690360796731,0.1330490440889369,0.5392441436789803,0.6835901169764929,0.5866856639984779,0.40373191189850605,0.14882984293758755,0.18002015635758672,0.576334045420751,0.3927119057705684,0.08649512456426824,0.3492857573222093,0.5315381674070917,0.321623512840845,-0.3494049305661079,-0.3814230003825125,0.05724681827329106,-0.03889566687073874,-0.1755641395786891,-0.10934982687449857,0.5499512041592948,0.10189143041306266,-0.2703962603029548,-0.5859682227843793,-0.3401968573365101,-0.14793510439736346,0.35984474146149825,0.3606615760379232,-0.07070785481989199,0.012697410261444582,-0.3841966870975056,0.31699126053779075,0.48205919072213016,0.14508630029165673,0.02186895059393916,-0.0022358517931047287,-0.4221905230851662,0.44057161764691294,0.357450045234447,0.19445337805665483,0.4898408729531721,0.0657307876136168,-0.196386574760255,-0.06736444389174495,0.23016951971293356,-0.05559601693137299,-0.13993211653821142,0.3388271396985238,0.09183989181039379,0.1721169799716627,0.2604593662843101,0.3164698982172444,0.46771641016571247,0.5866395490691412,0.3337975899224464,0.1493027453972184,0.17514688044925275,0.8512782099446311,0.410254265356182,0.40828324956783474,-0.2291049393588727,-0.22048090515961885,-0.12530305094176472,0.2446959962506849,0.5710942196711605,-0.3898238964983491,-0.08510154092771388,0.4981333822017328,0.23927097200696218,0.4595588350857295,-0.18963481627390377,0.28602407247003603,0.3068156350080764,-0.17819157668224853,0.402316060701866,0.2135362530992803,-0.3271590652790444,-0.3375071301940362,0.3759007527186297,-0.45537666634010177,0.1002441275594717,0.37416692191876444
ADSK,0.4252178798395901,0.6234393527675273,0.5025252854269996,0.3172937572512171,0.29632990495189193,1.0,-0.3773673259161335,0.29818825733612875,0.5624932646148983,0.40886607624208604,0.03039979847770444,0.4853083940135951,0.2776945826958501,0.41857738168676534,0.457603597670208,-0.31256420853301475,-0.2505186360184103,0.48347292741275233,0.5635285245306576,0.460699434762454,0.40409699193036874,0.5583989916378438,0.5059556622219283,0.5469987399712667,0.39624118701741584,0.37594212317657266,0.41632818351940054,0.4515279215577771,0.23521120124688702,0.38652038000098204,0.7351931631023726,0.5522731759893337,-0.22886252200985077,-0.06733935344843492,0.06989316747218108,0.38947782393447666,-0.32930409517299125,-0.3006690927444496,0.33928654891208637,0.45721141508441204,0.1387890259538475,0.0598268577203637,0.18518743713742594,-0.2783632972192309,0.4167652360889896,0.41716210393238007,-0.10878018578967927,0.40942205447874735,-0.2536733000755389,0.4324270334144544,0.5191152514344001,0.18460706150787745,-0.1421821065995045,-0.18808217619975298,-0.3809728566353535,0.5144931626404134,0.5280422249862163,0.2570556264363591,0.5808103533465466,0.6115082389283861,-0.0890471937750073,0.4212362057959424,0.40201558266259824,0.15420204440631577,-0.2556240890354994,0.538236475475203,0.3710110526326386,0.5010664876864316,0.5672906598643321,0.44536309678718633,0.7048939956805492,0.6076038371001136,0.48723490715460055,0.22459354630445966,0.43306532448187623,0.5011225200729708,0.5358699799271324,0.4242653164834155,-0.26972144021165556,-0.03536107319568481,0.4836605702561369,0.2301239236986404,0.41789444446278146,-0.05622633841774398,0.13327249085956655,0.08736759120915646,0.4725517814627382,0.7007825230992806,-0.038170032557675745,0.6199515599471599,0.4226442575367818,0.08337074122893336,0.36806060428224746,0.26386185384319355,-0.32447030791845394,0.19643049927010134,0.5653963680913348,-0.42874133862880615,0.5089441277028735,0.6109948312388223
AEP,-0.676759569331362,-0.5510315876255264,-0.8571855036467925,0.12461612559070202,-0.3684639227319126,-0.3773673259161335,1.0,0.04475497840492243,-0.8356515555751656,-0.6923608618343114,-0.33117557616455645,-0.837411477811471,-0.25042930760612153,-0.004794034101311839,-0.8460511971006331,0.3666548211453347,0.60218765866937,-0.8090681172707828,-0.7100514300841338,-0.8208901437696485,-0.8446466623943543,-0.6623305739567708,-0.7470946513138333,-0.8320892439430376,-0.8056904712874084,-0.8393338948683277,-0.6910788017769535,-0.33246989370465035,0.06373064272085985,-0.7594324941578371,-0.6677395068276105,-0.6163761014645739,0.7934413905355634,0.5419923789175265,-0.20901861423696125,0.438199181133332,0.8742221635573977,0.8563139760769359,-0.5957896233451755,-0.7412819345838129,-0.011034756635824958,0.16233019627565384,0.43034664268788164,0.7992980556634915,-0.8868666397031987,-0.8850685201692818,0.7129371926720965,0.200908639041715,0.8184292510520084,-0.7266540228608422,-0.833118055651942,-0.37061451470893775,0.7931239682145622,0.7752434870766135,0.9452100823838453,-0.7910547457523727,-0.8188000167205992,-0.6674936494591002,-0.8089354902210013,-0.13108238273987083,-0.014899887247086779,-0.5606678141060693,-0.8563219522199382,-0.20994115543074474,0.8763290868589477,-0.6628647328856088,-0.7622363691057521,-0.7748876486698066,-0.6834529249244075,-0.8685902835410297,-0.5958864607396959,-0.7601674665671758,-0.45189707215703817,-0.6318046803078468,-0.8261815294572681,-0.315685023015644,-0.8101428984561717,-0.4467840121738718,0.48926803879526093,0.8575912412804813,0.28515232532585544,-0.5510655196462825,-0.3377430423160873,0.7035503340822854,-0.6940447563128107,0.20604576395696406,-0.8661632846994408,-0.7944809818665253,0.3642541656138811,-0.7228075717915133,-0.7359368542531596,0.6470332125447953,-0.8631060866675302,-0.7474092404719423,0.9269441988802853,0.48846893681820935,-0.7719427856201074,0.963380303648707,0.3739228120643081,-0.8135037504319476
ALGN,0.33874533918313215,0.5777390323727636,-0.02603330474204945,0.7199454898184519,0.04677950065628366,0.29818825733612875,0.04475497840492243,1.0,0.2133407052277691,0.23519106993912275,-0.5228077954085477,0.09971385237506773,0.6807809389538271,0.40456013719317613,0.06938903735091667,0.3706838580896057,0.3657096117696586,0.26561068000231824,0.11247036224155711,0.08293931110082334,-0.30694962983926194,0.03488311027261554,0.29396824549653194,0.022418220819594617,0.11078129879721434,-0.1781680775145457,0.32404582190978676,0.09539737390542748,0.13510423020145154,-0.16890515324205163,0.23813333173862813,0.09412410733134155,0.3779061074847881,0.4239864922919895,-0.17003678483888815,0.5099759691964775,0.045178567766612165,0.14163172346459063,-0.2531316378883358,0.14600931863940286,0.6965206754666885,0.588235276564549,0.5510030137782334,-0.1596855732026107,0.10217012369963063,0.11551170674907842,-0.06457385524532779,0.7262795327447523,0.46851558411848176,-0.12764437678777588,0.032768794200235644,0.28144654893464005,-0.08280295578815529,0.1349770098641356,-0.021418272969883478,-0.08133742178411298,0.19767224181403661,-0.04685246572238503,0.20346492259778282,0.6177237716718429,0.37009274170456224,0.14631200292982516,0.16741272915008956,0.41150772968075666,0.027395125126060807,0.3435424398932747,0.06051168056317063,-0.02463230531195843,0.10696782146833357,0.17822020748529416,0.45990228090510116,0.2513476211824049,0.7639388991530134,0.08588353094771961,0.1318216043765327,0.1230167530564053,0.08624034958476558,-0.5021604513181224,0.5042705809553167,0.31877486927605203,0.07507480835772289,0.08600846652147734,-0.42885951311674286,0.055544313272900825,0.20511884685621093,-0.37588591888771833,-0.07568056463653099,0.2895469089373848,-0.3683381779069307,0.42113810550057895,0.4165456145289452,0.6144682156113063,0.10016376114368455,0.031551304754957474,0.16862095139934272,0.6068320143512954,0.2448092560314075,-0.08253747610222002,0.42668983802439225,-0.17270962604117085
AMAT,0.8890214233795685,0.7480233755538177,0.9174877125713254,0.27395387247618513,0.34303723907033423,0.5624932646148983,-0.8356515555751656,0.2133407052277691,1.0,0.8877305890328144,0.07712458141846862,0.9494707922426441,0.5447988526007475,0.44522196015263177,0.9569747197602563,-0.23708252252291226,-0.4774220753324937,0.8684155002935461,0.7149482108646457,0.9071911437564396,0.7650931000644869,0.5717866305122989,0.8178948797721648,0.8872691054439417,0.912894221926658,0.8271230350955858,0.6948847217331322,0.5956942532146883,0.25925477729817337,0.8416595658381735,0.7760636431926483,0.8390727433606266,-0.5023207804158912,-0.13829516832670194,0.43016735452159444,-0.2053600050072241,-0.8041001351053946,-0.6494586308655498,0.40871660743487964,0.8758568734683664,0.2982233870634549,0.13398004035715005,-0.200438545417047,-0.821639894008796,0.9087175677412108,0.9096794697352,-0.4767851512812269,0.23413854987553107,-0.6337388453220476,0.818840223798698,0.8657008028166153,0.6344757145452101,-0.7214640834958256,-0.6512670872548414,-0.8356503731117242,0.9242872159525496,0.9825696205135508,0.7366616180960956,0.8866254906633818,0.5290519295240579,0.300673180154477,0.6661814019729562,0.926255009264303,0.5167578870097436,-0.8167919276940666,0.8850871127651107,0.8867266879582871,0.8572240980542236,0.8981362530368658,0.9606880306734036,0.8489388177150908,0.8014833013659902,0.6341247752872222,0.7588542040030383,0.9080907867857422,0.4859443144824416,0.8871906986045394,0.3289070551246871,-0.17670796562885732,-0.6426432393875031,0.010501779243768754,0.39311339562157127,0.35030726536006296,-0.46616396918372827,0.6828176281724828,-0.154017827625989,0.9107298621424424,0.798294534780401,-0.3659543423474372,0.8819520062438384,0.8655067390246313,-0.3040583146591334,0.9007911810387156,0.7736602054589351,-0.8037590918959817,-0.25733606925438707,0.9326929742446871,-0.8498433052837907,-0.1419611785831366,0.8372789997537368
AMD,0.9340247990537301,0.6447217882737906,0.7624622337195651,0.4213150517434019,-0.004608861802244493,0.40886607624208604,-0.6923608618343114,0.23519106993912275,0.8877305890328144,1.0,-0.20354977595779555,0.8651738976747352,0.7082719269052931,0.6157512970407754,0.86806431362483,0.008485959971014537,-0.2315703355850776,0.7483912063500274,0.4041053970437102,0.8955204465632932,0.5524041008583626,0.24642057368005074,0.6278562146719218,0.7419582636474858,0.9190612139674128,0.790958509484023,0.4808429073309832,0.508435670563522,0.2935069645747079,0.7551480951831223,0.5577162933118647,0.788341037677686,-0.32228239779155393,0.10190987945228665,0.5167054884171973,-0.18520294316096017,-0.7168828365103439,-0.590957073285591,0.13024363354163235,0.8553673786585908,0.5025359277541231,0.42550544003245566,-0.07406757637095313,-0.7854740580777587,0.8412031546338218,0.8440382044020645,-0.41534861079462343,0.2729588578146912,-0.43901076721812504,0.7232055933102072,0.6957674490559144,0.7162338311125103,-0.7677491930728362,-0.6929098943887099,-0.6571054637507436,0.7782374673700858,0.8907929265161363,0.7163718940793177,0.7090527048908215,0.514130720055242,0.5142219735141508,0.6911098207267524,0.8917860430884771,0.6544240325213951,-0.7723765863521208,0.8347951060211303,0.9252337093363826,0.8303962964041944,0.8289363604164971,0.8905199813355456,0.6906674927910309,0.5344228198054843,0.5743252073970712,0.7796067453603683,0.868234875744548,0.20486361461843888,0.725533211058885,0.06374828470648594,0.04073563684578911,-0.5958558849609418,-0.0060708547887199085,0.2869420259009882,0.04228895929737223,-0.33092551177983154,0.7562842234624303,-0.36491703997718994,0.854557384134333,0.6194073372955812,-0.3919096289594913,0.8012408423811768,0.8253462634126004,-0.18917754990042907,0.8117658152861534,0.7453715154160856,-0.6596188852950434,-0.16636515432615145,0.8204383665826102,-0.6532417174945672,-0.21873410805117602,0.6944422923610895
AMGN,-0.17577800747192182,-0.12942149514622625,0.3707773867195461,-0.6437804400345443,0.6162041574199615,0.03039979847770444,-0.33117557616455645,-0.5228077954085477,0.07712458141846862,-0.20354977595779555,1.0,0.18207778083692708,-0.5529610239144063,-0.5961753393070142,0.16475576059444513,-0.4195526464497562,-0.5881779191396822,0.23515346581743443,0.48281086557216646,0.11362342851378017,0.6078848153000037,0.62100801378688,0.280872035098125,0.3567720732006734,0.04610774650077463,0.30411541154225313,0.28620460497970324,-0.047264732057138895,-0.2754012600201067,0.3408845449120139,0.2707583749841158,-0.048640911304718794,-0.6014809818175479,-0.7617166291069086,0.07818838769278225,-0.411816076371725,-0.27936208351548103,-0.16607291132172466,0.7707861651306955,0.031242345070533622,-0.736984889262835,-0.7463667238855334,-0.5490102795387449,0.07655630390610547,0.2332614925806601,0.22326105895946843,-0.2574531024883938,-0.5090818269633108,-0.6171083758501391,0.4019944293668317,0.4291590732925205,-0.23865250639855984,-0.06921859547796266,-0.07363056982912065,-0.3767988666536416,0.2837382608734172,0.09475860727854728,0.2819821433702225,0.2714874484590578,-0.4219799091222283,-0.4925892384769551,0.037702730791001365,0.10647232680987342,-0.4676404720304978,-0.20918975996115735,-0.1403220717277614,0.016829114147774535,0.17596544773328507,0.04768358498368215,0.1144361943849797,-0.015791055535981938,0.38744704311638434,-0.29584661074527463,0.03366873848699451,0.0720523771300959,0.4181202119225038,0.28037825675580497,0.6823372055391154,-0.6413469708342031,-0.374665651284552,-0.132595734597483,0.48891622699630766,0.675464874670409,-0.26582058394964175,0.0013591875910078312,0.44212536669517594,0.2429210176573166,0.2511326100129426,0.3509130546843903,-0.07896845713629595,-0.06368510274023714,-0.6078979386372715,0.22517076377766568,0.21745952059129342,-0.42855556608137524,-0.5073394649584444,0.12675332035645892,-0.2867636832722325,-0.25409953811903935,0.320517568591812
AMZN,0.8847061989178873,0.6930551562349745,0.9475264525556799,0.1435754460730808,0.33088528118947375,0.4853083940135951,-0.837411477811471,0.09971385237506773,0.9494707922426441,0.8651738976747352,0.18207778083692708,1.0,0.4626651614062585,0.36023918682472134,0.9583797429385013,-0.19943920095620224,-0.47902948838199044,0.896958017016814,0.7335574760082483,0.9200486605994519,0.8335723857794659,0.5953136304544687,0.854547870884297,0.9290245598841947,0.9482641098117025,0.8635563604365027,0.6499529040132784,0.6084913567520112,0.2567043013330112,0.9109006521663645,0.7890447433307726,0.8308007463631151,-0.5380972524546791,-0.18729287325108826,0.5189791728125931,-0.2534554227592623,-0.8649263639004464,-0.6166148652884845,0.48029117625044276,0.8856246835632585,0.2228633360749597,0.07731711110644084,-0.3595795234827516,-0.7780563341409609,0.9492414789948744,0.9490093748687607,-0.46075237510544104,0.14155256017561615,-0.7178382103915404,0.8767461072006828,0.902837782632311,0.6845397137890524,-0.7688068201463077,-0.6923542350748375,-0.8398854791447754,0.921225174993206,0.9669090823864267,0.8463766451997504,0.9123708926148849,0.3664827565228559,0.3612633423770502,0.7026626306348249,0.9538368078690297,0.5475403022081609,-0.8697117658373297,0.8314564544183987,0.9338968070616503,0.8930028969336433,0.9135562789004338,0.9647755547639056,0.7600814152671833,0.7794854680976867,0.5334077147993751,0.8453780133247074,0.9025930628813603,0.4580427938124803,0.9075342486695916,0.33787291550219245,-0.16220767132039637,-0.7227171939630115,-0.09045665165306452,0.43231255715122574,0.3986385387666624,-0.42593545206606215,0.7029306158244081,-0.12434858159444205,0.9322269921452441,0.7759697163866502,-0.2820371530782689,0.8261187702539288,0.8566171971714663,-0.4433266877453475,0.9484691824353124,0.869432085458403,-0.8588826756146011,-0.364508787697885,0.926084418076408,-0.8246270489805239,-0.27470235858881487,0.8394173236922596
ANSS,0.7506611152800292,0.6927420315219002,0.33390147219898997,0.7873263664737874,-0.20779601301039854,0.2776945826958501,-0.25042930760612153,0.6807809389538271,0.5447988526007475,0.7082719269052931,-0.5529610239144063,0.4626651614062585,1.0,0.6051861374483455,0.4811452404439248,0.27774360034672946,0.10849571801025698,0.5124111958420292,0.12351574680720756,0.5877525113575522,-0.008319265841814518,-0.04554845798304976,0.34155211838884847,0.34291999245810884,0.5815823206740635,0.35174250633299897,0.36743040904795365,0.23988113320473328,0.2063662423670856,0.30966316425073165,0.24366909829249717,0.42133174965376435,0.07493053226999204,0.42311251957697565,0.3119738974403838,0.13499799527934425,-0.31638224948285293,-0.12859662282267326,-0.186912904961138,0.5526741079570022,0.8427080243933179,0.799177526597669,0.4480636965308649,-0.5455965037662601,0.4509540378898349,0.459771676768701,-0.2352357184254829,0.5886836280634545,0.10797606399419447,0.3172378022571886,0.35209953561905977,0.5746053838092243,-0.5499766216895114,-0.31426260751322893,-0.29639783426616734,0.26716238274363,0.5205836868927053,0.388061493507538,0.37653623775460787,0.6614671162896697,0.5671892018404678,0.512338101365756,0.5764026458432847,0.5962360365740735,-0.40528912809245804,0.57968248705822,0.5738655674198577,0.41647764392138703,0.44188104876737316,0.566351671656771,0.5523054409662405,0.32380188354641803,0.6747714514671835,0.49932933969923665,0.5931207176932511,-0.016503343984047673,0.3912596477238468,-0.3612820906913918,0.4135191454817043,-0.07370776250346503,0.08166517695655957,0.20200840339573897,-0.3993714585597033,-0.07649211231368742,0.6768667267410171,-0.5287497693043571,0.4238794763514173,0.39743172252096554,-0.32929400964197286,0.6630305249199127,0.6864482125607956,0.3270370755710556,0.4483990581052944,0.42765189614487525,-0.21938609637170645,0.29004662252692487,0.5554068080534934,-0.2837534232331917,0.053434572380831546,0.18650181896456075
ASML,0.5526955026657078,0.3694195593417424,0.2058373674517485,0.6533245957665988,-0.26506540007495993,0.41857738168676534,-0.004794034101311839,0.40456013719317613,0.44522196015263177,0.6157512970407754,-0.5961753393070142,0.36023918682472134,0.6051861374483455,1.0,0.34991926719351707,0.26210516894552943,0.28883747272104443,0.21380051336989453,-0.015858207839467668,0.35080441730971934,-0.06053205274300821,-0.164395011436661,0.210339297724341,0.20594901077696598,0.40734997302082293,0.15726980634834237,0.0008270782556031275,0.5106294411075429,0.5652856082683074,0.2145026503969494,0.28723283182317405,0.5188117519282626,0.3775504376446744,0.6266788032631176,0.43457194298071916,0.40722956234462093,-0.10173918499995953,-0.054171071591694875,-0.32737237341417597,0.416560833214458,0.6028815551374911,0.6562071209098156,0.339480120670454,-0.253857663266869,0.2378288001775749,0.24192941492054268,0.1980238213766874,0.6970512511472631,0.20440053976889672,0.2250736588061566,0.10021161661889168,0.5484084126119704,-0.08977566733355016,-0.17748947170453133,0.02401787470011016,0.376164030899403,0.44561215430325984,0.20817708131128726,0.23419728970084003,0.6812791892957524,0.5207103816284666,0.3316929302338488,0.31400698450485104,0.6308754338093975,-0.0982862418914296,0.5833824649533171,0.4275810160545113,0.3845659045663945,0.5618221934132266,0.33996009567244584,0.47684296300247836,0.05257273327875332,0.40134391554133636,0.32456123173620266,0.3177213176771179,0.11905405646168897,0.21304429856564347,-0.255078141125203,0.38411648362757583,0.1323046019901477,0.4465769647095502,-0.25526985235389404,-0.09835004422336796,0.27259984013423005,0.15128770235641195,-0.13340522228302357,0.28398338155472946,0.1577479432546374,-0.2098922961400998,0.41646672776010546,0.3578230926513115,0.46588684482219345,0.21492924166391533,0.2246732701728379,0.048834841009168656,0.3710939326490268,0.35367980236767177,-0.013678074309052168,0.2585376108340031,0.22489960139568183
AVGO,0.8826759650933852,0.6813205860557189,0.9618435898921496,0.15504501151480235,0.34946856446937485,0.457603597670208,-0.8460511971006331,0.06938903735091667,0.9569747197602563,0.86806431362483,0.16475576059444513,0.9583797429385013,0.4811452404439248,0.34991926719351707,1.0,-0.2591322701781649,-0.5310310475421501,0.8335754582272893,0.7301273726010926,0.9252233416130413,0.8367290019608958,0.5551095908650547,0.7905161286798734,0.9123118326643977,0.9369502869512826,0.8723035452798255,0.6556157699313852,0.6321091068920164,0.2942097002753863,0.9179076685356165,0.7160341530789631,0.8489933742362165,-0.571403960133139,-0.1662879758656495,0.5581628505414788,-0.30945886720895227,-0.8139524204730738,-0.6148058276479931,0.4614044497188539,0.8900089996770248,0.25920146519560483,0.06787933219344869,-0.3119875155394422,-0.7969723220326538,0.9174999762801271,0.9172394790243283,-0.42088745981027703,0.11405642463506613,-0.7271505372660311,0.8557574719325343,0.8759577370246767,0.68174251287236,-0.7548059433849947,-0.7281756913354244,-0.8625337571413242,0.9337667086971368,0.9539395341367533,0.8034005166041718,0.8634458590222727,0.43364082517654085,0.2786806936037227,0.5890203973328598,0.9474355974557056,0.470125571661381,-0.8604833383037678,0.8723368484672614,0.924081556693847,0.8500650288269862,0.9085334965470488,0.976317680225042,0.7895088611561866,0.7685188306485177,0.5398439393766608,0.8130029678035319,0.9328974681459096,0.4864228204829911,0.9173725060916578,0.3609224716332038,-0.20553602592171477,-0.7164043270657666,-0.06199150145632452,0.35907600884143465,0.3920591915506084,-0.5000981593891338,0.6900813489786044,-0.06325231118686081,0.9473920491726827,0.7444045035290389,-0.34853263731723466,0.8516782575582896,0.8586247368766516,-0.4177618673453086,0.9296480490252078,0.8327254780524798,-0.843115095945987,-0.4181178632069021,0.9106782862192241,-0.8299866940108896,-0.2970552394911521,0.8674021935525827
AZN,0.03276782110477113,-0.15124451595523947,-0.3730407555880984,0.3227403733075609,-0.2404940126263334,-0.31256420853301475,0.3666548211453347,0.3706838580896057,-0.23708252252291226,0.008485959971014537,-0.4195526464497562,-0.19943920095620224,0.27774360034672946,0.26210516894552943,-0.2591322701781649,1.0,0.7704539236098863,-0.17772634695314243,-0.45540830305446917,-0.21730811785099471,-0.4968985207930347,-0.49282835587651935,-0.09157444948433827,-0.35843583790319516,-0.09876629130336297,-0.3393076883081324,-0.21880976849074976,-0.01615833134335998,0.22774074902116903,-0.2738687267960809,-0.3223217730502087,-0.17238966864517855,0.5122645831682169,0.47678456547277953,0.10531729961902758,0.24747164549639084,0.26992512251824496,0.38250076017699347,-0.5114081146465492,-0.20453849740134267,0.451684832879099,0.43758629798322657,0.11788579955756688,0.18819647848670162,-0.12893122979025587,-0.12081954960906474,0.21560938844674032,0.2667354309146782,0.557425413286701,-0.2792207526674915,-0.3327931504587344,0.315452780919469,0.08121631209052949,0.13578349381954538,0.4314577010580036,-0.3201273393359347,-0.16681480733025753,-0.03372233055383476,-0.26951005773119413,-0.0852534130243302,0.6072126516717236,-0.10959477505739686,-0.1466750638666954,0.46118014422116543,0.26745803780709226,-0.08240194440909737,-0.08500663686832567,-0.15895425247948822,-0.22550314576469374,-0.17372306251207795,-0.25382975818854175,-0.4482331032109245,0.13868257027214193,0.08050371080765426,-0.22661060692264706,-0.3104576903419836,-0.4053310392642049,-0.7312542354392878,0.7455920864992531,0.21116344184215036,-0.27042406057231766,-0.1338280589983625,-0.5874758890260006,0.3215840443763398,-0.002765492649074328,-0.3485317336824177,-0.32578367675802006,-0.34762713624239716,-0.22437556886147933,-0.1935996540101605,0.003834478760554638,0.3801738958755665,-0.10255989259308533,-0.028558115923030366,0.4023635406067302,0.1973133386720692,-0.21536413795928946,0.4090287167591265,-0.05140938795694443,-0.48479075617547307
BIIB,-0.22900105413194738,-0.31587900142961234,-0.6529387593890632,0.24028458713266534,-0.3608158831178911,-0.2505186360184103,0.60218765866937,0.3657096117696586,-0.4774220753324937,-0.2315703355850776,-0.5881779191396822,-0.47902948838199044,0.10849571801025698,0.28883747272104443,-0.5310310475421501,0.7704539236098863,1.0,-0.5087354402322757,-0.6065854913680747,-0.5185214324952486,-0.7372021143929831,-0.5926477843765985,-0.3163075760735406,-0.6181838450023347,-0.401343191383067,-0.6507181983845296,-0.4292080176892705,-0.0336742123661603,0.27748921497714957,-0.5896432772518986,-0.42937128590584933,-0.32733085091130787,0.7063607822689224,0.5325265513831675,-0.08779488181866556,0.568874711613731,0.5671729773229717,0.48335890621990857,-0.6727558064778066,-0.4409863000974851,0.4047707328925495,0.39777550919343085,0.2942050696186995,0.39756057220910124,-0.4222809368311621,-0.41507238209777647,0.4928306942737347,0.2842601792987024,0.7802077929205957,-0.6157049640974623,-0.6455368431892148,0.10548384925262434,0.4196402298959223,0.23470896057437834,0.657842588062317,-0.5549433598475824,-0.43821710026074717,-0.4066880524489977,-0.5132222550783756,-0.05665025940316541,0.37517953262698706,-0.37028665628503016,-0.45127552072574845,0.2651419010695612,0.586072749305473,-0.21781107950368478,-0.3784415413333515,-0.44362182018383656,-0.40694925470276266,-0.4699379483815706,-0.35785510707110807,-0.6503297275172149,0.07995992225805226,-0.27035969119693154,-0.5010684002518838,-0.3840811941013464,-0.6376683752024576,-0.7722734469757185,0.6784260717364826,0.5123778200375008,-0.1025412293710582,-0.4373270468233373,-0.6573366394286556,0.42140518508607455,-0.35701367465329886,-0.18104545482079415,-0.6039319128380556,-0.4980837541004241,-0.23191786884853677,-0.3407505364673373,-0.23883194710562153,0.5965774027111944,-0.41413748930854555,-0.30171777800967264,0.6849800573237491,0.404661338170526,-0.5055291465935013,0.619674773958488,0.20277201493197192,-0.6424501828036101
BKNG,0.8099437105530024,0.7924813199767661,0.8497482359319999,0.24036865211490785,0.37059262340934895,0.48347292741275233,-0.8090681172707828,0.26561068000231824,0.8684155002935461,0.7483912063500274,0.23515346581743443,0.896958017016814,0.5124111958420292,0.21380051336989453,0.8335754582272893,-0.17772634695314243,-0.5087354402322757,1.0,0.7474681769125172,0.8733334511458702,0.7323198533239758,0.6947211084932714,0.8699012486808033,0.890576383512275,0.8669295615085131,0.7942427687923334,0.6871878383752297,0.36508340326042793,0.031750773029861595,0.7848639080879458,0.8097012594642109,0.6598429507807249,-0.5112593386184011,-0.2758446894488148,0.33276062761825614,-0.19135418135187335,-0.8672132350014479,-0.5864597678167726,0.5640362731805084,0.8157775202139843,0.19126525510430467,0.14500020156845583,-0.2327252407980188,-0.7468774638002232,0.8866567992044029,0.8879955150192428,-0.6304458144367521,0.2329986545107014,-0.6411012099467388,0.8044576840888649,0.9135820679213151,0.5089423223149057,-0.7805157913491161,-0.5503529154647882,-0.8063529463025754,0.766296575287269,0.8881812511020336,0.7876066860782571,0.9413187862652672,0.370038948268778,0.3127486023841357,0.7986569785743325,0.9034212051291806,0.45348603773853613,-0.8545038238492114,0.6834472919723539,0.8109471643762297,0.8270291212083865,0.7466603634885512,0.892316606300282,0.7431718260012224,0.8634086066128411,0.581400444519299,0.766032945135056,0.8239401152108978,0.44442466167977956,0.887168104758632,0.32341531786193306,-0.1743209974907599,-0.6254268591655926,-0.0897452932540839,0.6333811296297166,0.3251710512480174,-0.3556082497015229,0.7773818115345431,-0.23785426576354918,0.8420085171339434,0.821753553560124,-0.1537350900252977,0.7786995642381993,0.81467358536923,-0.39612943088016833,0.879390767988906,0.7919775470213075,-0.8294858427153815,-0.16814123245156598,0.8749197921970865,-0.8234834865569499,-0.2088435005945578,0.7006947356078054
BKR,0.5045433834596533,0.6615945566203311,0.8148078178689235,-0.08233702454293496,0.706690360796731,0.5635285245306576,-0.7100514300841338,0.11247036224155711,0.7149482108646457,0.4041053970437102,0.48281086557216646,0.7335574760082483,0.12351574680720756,-0.015858207839467668,0.7301273726010926,-0.45540830305446917,-0.6065854913680747,0.7474681769125172,1.0,0.6002224599885685,0.8088180462675206,0.875677625978089,0.8190695004472949,0.808955953016432,0.585047033593442,0.5778855520221597,0.7397421092292698,0.491426593196202,0.12514427060757743,0.6768609721282091,0.8421192365976521,0.6042880001401768,-0.5661237074935499,-0.4203761727780533,0.22742268039971955,-0.07161424690191297,-0.6324766316131154,-0.41108757113956496,0.789054217971866,0.5855844311726389,-0.04168171480030589,-0.289600548528561,-0.3142788724350556,-0.469968224358145,0.6841539045222909,0.6842331650847358,-0.3505321993709487,0.08872866366080381,-0.6819109261163442,0.6483578519441958,0.796508315338866,0.31511301264567726,-0.41109827373575264,-0.3859772606858381,-0.7741636774055065,0.7358591311161569,0.7109484555317026,0.551980417687435,0.8446854173949924,0.3158323626888268,-0.10253410226267345,0.37612692332230874,0.6629328538634776,0.11131443361969127,-0.6090867689391017,0.6434323805311011,0.5291684166587399,0.5844501194657559,0.6813990408170897,0.7081009278958219,0.7516112712487927,0.9041805664928468,0.508529579843633,0.49879950383209537,0.6223022253639431,0.7467922636969592,0.8274012903589284,0.5485579730119902,-0.3974798571465668,-0.46751966264978306,0.005548383788643271,0.41316319019743364,0.624913501861923,-0.44736539566174954,0.3370462058312504,0.2648815720158032,0.6652693989078315,0.8107100557281718,-0.14860994693776017,0.6820181641362547,0.6532071632314431,-0.3725233367420391,0.7138415547561686,0.5926236917525571,-0.7034049786858375,-0.278008522920405,0.7311929197114064,-0.7622110933373221,-0.0018779334671807071,0.7350801453337302
CDNS,0.9066412232639937,0.7018108764801392,0.9020899432919323,0.2552017183783202,0.1330490440889369,0.460699434762454,-0.8208901437696485,0.08293931110082334,0.9071911437564396,0.8955204465632932,0.11362342851378017,0.9200486605994519,0.5877525113575522,0.35080441730971934,0.9252233416130413,-0.21730811785099471,-0.5185214324952486,0.8733334511458702,0.6002224599885685,1.0,0.7559032144134494,0.4902164163112993,0.7015124977875661,0.8957733776435873,0.9628332415480649,0.93664727912851,0.569528049753469,0.43213559516032557,0.1405567074690509,0.886766857686179,0.656147576795473,0.7490764498987439,-0.5797468720490615,-0.18627581638690552,0.5296652609382732,-0.3297268026964864,-0.864939942828612,-0.6297446344509936,0.4610738945614998,0.921085372562052,0.28684452030831653,0.24416395153024034,-0.19749202618834363,-0.7960797195237277,0.9032319046920568,0.901877888942311,-0.5610124930762407,0.11597420883797954,-0.6976501038766801,0.8768371776985497,0.8890900940368485,0.5865281997588425,-0.8770833529629231,-0.7343130842830798,-0.8210182532914403,0.8334389074135791,0.9080910827702139,0.8485425594097628,0.8348024762156637,0.4057960693710455,0.2941786258475103,0.7854021674235055,0.9561384680270479,0.4332517285501816,-0.9035144883777239,0.7381397925604185,0.9493962600448476,0.9003854357665245,0.8279185187454788,0.9445749141870369,0.6913359652709047,0.7351521243118236,0.4604190992951795,0.8224213819601973,0.9562210452257389,0.27630425086913096,0.8807776707018892,0.34716931682176716,-0.23044309714160371,-0.7037808836560222,-0.009704944011902947,0.5157306422269584,0.28175131310685864,-0.39008003978836,0.8485680787605872,-0.2753219905605044,0.9712585168168237,0.7454634002493228,-0.16817659062095613,0.8129980503550894,0.8214805339236849,-0.44308347919037194,0.8778078640578569,0.8404977944462592,-0.8556909500126996,-0.30466302772735543,0.8857456559316637,-0.7693540942571473,-0.32234366392977776,0.8133424100689854
